13
519445678909
522088422619
523328119219
302279248041
398777422648
382393465830
109346520792
393648988334
83456507369
503695835656
409770589873
483819180150
358939341533
402486907104
347176414967
1633679742
48522238217
116578598684
98210011370
452947538650
113090002659
130683028799
170075383039
19947030841
458406287083
178964953872
500143943025
189689940709
218613469572
129856570412
82270781294
140695444887
510689827054
42634086860
516267119547
5616396143
8388941434
73724586316
290433741122
102266925300
75736288391
406132000561
