[2] (188,93)
[3] (56,419)
[4] (16,416)
[5] (425,663)
[6] (725,195)
[7] (135,82)
[8] (346,242)
[9] (489,468)
[10] (377,456)
[11] (179,275)
[12] (286,136)
[13] (283,493)
[14] (596,433)
[15] (745,210)
[16] (72,254)
[17] (440,539)
[18] (618,206)
[19] (568,355)
[20] (657,285)
[21] (455,383)
[22] (702,225)
[23] (591,555)
[24] (327,108)
[25] (74,170)
[26] (125,292)
[27] (82,481)
[28] (416,55)
[29] (3,746)
[30] (1,1)
[31] (750,750)
[32] (5,740)
[33] (181,133)
[34] (665,153)
[35] (384,276)
[36] (499,156)
[37] (640,190)
[38] (595,322)
[39] (616,400)
[40] (120,604)
[41] (116,92)
[42] (562,89)
[43] (519,38)
[44] (175,192)
[45] (406,397)
[46] (406,354)
[47] (175,559)
[48] (519,713)
[49] (562,662)
[50] (116,659)
[51] (120,147)
[52] (616,351)
[53] (595,429)
[54] (640,561)
[55] (499,595)
[56] (384,475)
[57] (665,598)
[58] (181,618)
[59] (5,11)
[60] (750,1)
[61] (1,750)
[62] (3,5)
[63] (416,696)
[64] (82,270)
[65] (125,459)
[66] (74,581)
[67] (327,643)
[68] (591,196)
[69] (702,526)
[70] (455,368)
[71] (657,466)
[72] (568,396)
[73] (618,545)
[74] (440,212)
[75] (72,497)
[76] (745,541)
[77] (596,318)
[78] (283,258)
[79] (286,615)
[80] (179,476)
[81] (377,295)
[82] (489,283)
[83] (346,509)
[84] (135,669)
[85] (725,556)
[86] (425,88)
[87] (16,335)
[88] (56,332)
[89] (188,658)
[90] (0,750)
[91] (0,0)
[92] (0,1)
[93] (188,93)
[94] (56,419)
[95] (16,416)
[96] (425,663)
[97] (725,195)
[98] (135,82)
[99] (346,242)
[100] (489,468)
[101] (377,456)
[102] (179,275)
[103] (286,136)
[104] (283,493)
[105] (596,433)
[106] (745,210)
[107] (72,254)
[108] (440,539)
[109] (618,206)
[110] (568,355)
[111] (657,285)
[112] (455,383)
[113] (702,225)
[114] (591,555)
[115] (327,108)
[116] (74,170)
[117] (125,292)
[118] (82,481)
[119] (416,55)
[120] (3,746)
[121] (1,1)
[122] (750,750)
[123] (5,740)
[124] (181,133)
[125] (665,153)
[126] (384,276)
[127] (499,156)
[128] (640,190)
[129] (595,322)
[130] (616,400)
[131] (120,604)
[132] (116,92)
[133] (562,89)
[134] (519,38)
[135] (175,192)
[136] (406,397)
[137] (406,354)
[138] (175,559)
[139] (519,713)
[140] (562,662)
[141] (116,659)
[142] (120,147)
[143] (616,351)
[144] (595,429)
[145] (640,561)
[146] (499,595)
[147] (384,475)
[148] (665,598)
[149] (181,618)
[150] (5,11)
[151] (750,1)
[152] (1,750)
[153] (3,5)
[154] (416,696)
[155] (82,270)
[156] (125,459)
[157] (74,581)
[158] (327,643)
[159] (591,196)
[160] (702,526)
[161] (455,368)
[162] (657,466)
[163] (568,396)
[164] (618,545)
[165] (440,212)
[166] (72,497)
[167] (745,541)
[168] (596,318)
[169] (283,258)
[170] (286,615)
[171] (179,476)
[172] (377,295)
[173] (489,283)
[174] (346,509)
[175] (135,669)
[176] (725,556)
[177] (425,88)
[178] (16,335)
[179] (56,332)
[180] (188,658)
[181] (0,750)
[182] (0,0)
[183] (0,1)
[184] (188,93)
[185] (56,419)
[186] (16,416)
[187] (425,663)
[188] (725,195)
[189] (135,82)
[190] (346,242)
[191] (489,468)
[192] (377,456)
[193] (179,275)
[194] (286,136)
[195] (283,493)
[196] (596,433)
[197] (745,210)
[198] (72,254)
[199] (440,539)
[200] (618,206)
[201] (568,355)
[202] (657,285)
[203] (455,383)
[204] (702,225)
[205] (591,555)
[206] (327,108)
[207] (74,170)
[208] (125,292)
[209] (82,481)
[210] (416,55)
[211] (3,746)
[212] (1,1)
[213] (750,750)
[214] (5,740)
[215] (181,133)
[216] (665,153)
[217] (384,276)
[218] (499,156)
[219] (640,190)
[220] (595,322)
[221] (616,400)
[222] (120,604)
[223] (116,92)
[224] (562,89)
[225] (519,38)
[226] (175,192)
[227] (406,397)
[228] (406,354)
[229] (175,559)
[230] (519,713)
[231] (562,662)
[232] (116,659)
[233] (120,147)
[234] (616,351)
[235] (595,429)
[236] (640,561)
[237] (499,595)
[238] (384,475)
[239] (665,598)
[240] (181,618)
[241] (5,11)
[242] (750,1)
[243] (1,750)
[244] (3,5)
[245] (416,696)
[246] (82,270)
[247] (125,459)
[248] (74,581)
[249] (327,643)
[250] (591,196)
[251] (702,526)
[252] (455,368)
[253] (657,466)
[254] (568,396)
[255] (618,545)
[256] (440,212)
[257] (72,497)
[258] (745,541)
[259] (596,318)
[260] (283,258)
[261] (286,615)
[262] (179,476)
[263] (377,295)
[264] (489,283)
[265] (346,509)
[266] (135,669)
[267] (725,556)
[268] (425,88)
[269] (16,335)
[270] (56,332)
[271] (188,658)
[272] (0,750)
[273] (0,0)
[274] (0,1)
[275] (188,93)
[276] (56,419)
[277] (16,416)
[278] (425,663)
[279] (725,195)
[280] (135,82)
[281] (346,242)
[282] (489,468)
[283] (377,456)
[284] (179,275)
[285] (286,136)
[286] (283,493)
[287] (596,433)
[288] (745,210)
[289] (72,254)
[290] (440,539)
[291] (618,206)
[292] (568,355)
[293] (657,285)
[294] (455,383)
[295] (702,225)
[296] (591,555)
[297] (327,108)
[298] (74,170)
[299] (125,292)
[300] (82,481)
[301] (416,55)
[302] (3,746)
[303] (1,1)
[304] (750,750)
[305] (5,740)
[306] (181,133)
[307] (665,153)
[308] (384,276)
[309] (499,156)
[310] (640,190)
[311] (595,322)
[312] (616,400)
[313] (120,604)
[314] (116,92)
[315] (562,89)
[316] (519,38)
[317] (175,192)
[318] (406,397)
[319] (406,354)
[320] (175,559)
[321] (519,713)
[322] (562,662)
[323] (116,659)
[324] (120,147)
[325] (616,351)
[326] (595,429)
[327] (640,561)
[328] (499,595)
[329] (384,475)
[330] (665,598)
[331] (181,618)
[332] (5,11)
[333] (750,1)
[334] (1,750)
[335] (3,5)
[336] (416,696)
[337] (82,270)
[338] (125,459)
[339] (74,581)
[340] (327,643)
[341] (591,196)
[342] (702,526)
[343] (455,368)
[344] (657,466)
[345] (568,396)
[346] (618,545)
[347] (440,212)
[348] (72,497)
[349] (745,541)
[350] (596,318)
[351] (283,258)
[352] (286,615)
[353] (179,476)
[354] (377,295)
[355] (489,283)
[356] (346,509)
[357] (135,669)
[358] (725,556)
[359] (425,88)
[360] (16,335)
[361] (56,332)
[362] (188,658)
[363] (0,750)
[364] (0,0)
[365] (0,1)
[366] (188,93)
[367] (56,419)
[368] (16,416)
[369] (425,663)
[370] (725,195)
[371] (135,82)
[372] (346,242)
[373] (489,468)
[374] (377,456)
[375] (179,275)
[376] (286,136)
[377] (283,493)
[378] (596,433)
[379] (745,210)
[380] (72,254)
[381] (440,539)
[382] (618,206)
[383] (568,355)
[384] (657,285)
[385] (455,383)
[386] (702,225)
[387] (591,555)
[388] (327,108)
[389] (74,170)
[390] (125,292)
[391] (82,481)
[392] (416,55)
[393] (3,746)
[394] (1,1)
[395] (750,750)
[396] (5,740)
[397] (181,133)
[398] (665,153)
[399] (384,276)
[400] (499,156)
[401] (640,190)
[402] (595,322)
[403] (616,400)
[404] (120,604)
[405] (116,92)
[406] (562,89)
[407] (519,38)
[408] (175,192)
[409] (406,397)
[410] (406,354)
[411] (175,559)
[412] (519,713)
[413] (562,662)
[414] (116,659)
[415] (120,147)
[416] (616,351)
[417] (595,429)
[418] (640,561)
[419] (499,595)
[420] (384,475)
[421] (665,598)
[422] (181,618)
[423] (5,11)
[424] (750,1)
[425] (1,750)
[426] (3,5)
[427] (416,696)
[428] (82,270)
[429] (125,459)
[430] (74,581)
[431] (327,643)
[432] (591,196)
[433] (702,526)
[434] (455,368)
[435] (657,466)
[436] (568,396)
[437] (618,545)
[438] (440,212)
[439] (72,497)
[440] (745,541)
[441] (596,318)
[442] (283,258)
[443] (286,615)
[444] (179,476)
[445] (377,295)
[446] (489,283)
[447] (346,509)
[448] (135,669)
[449] (725,556)
[450] (425,88)
[451] (16,335)
[452] (56,332)
[453] (188,658)
[454] (0,750)
[455] (0,0)
[456] (0,1)
[457] (188,93)
[458] (56,419)
[459] (16,416)
[460] (425,663)
[461] (725,195)
[462] (135,82)
[463] (346,242)
[464] (489,468)
[465] (377,456)
[466] (179,275)
[467] (286,136)
[468] (283,493)
[469] (596,433)
[470] (745,210)
[471] (72,254)
[472] (440,539)
[473] (618,206)
[474] (568,355)
[475] (657,285)
[476] (455,383)
[477] (702,225)
[478] (591,555)
[479] (327,108)
[480] (74,170)
[481] (125,292)
[482] (82,481)
[483] (416,55)
[484] (3,746)
[485] (1,1)
[486] (750,750)
[487] (5,740)
[488] (181,133)
[489] (665,153)
[490] (384,276)
[491] (499,156)
[492] (640,190)
[493] (595,322)
[494] (616,400)
[495] (120,604)
[496] (116,92)
[497] (562,89)
[498] (519,38)
[499] (175,192)
[500] (406,397)
[501] (406,354)
[502] (175,559)
[503] (519,713)
[504] (562,662)
[505] (116,659)
[506] (120,147)
[507] (616,351)
[508] (595,429)
[509] (640,561)
[510] (499,595)
[511] (384,475)
[512] (665,598)
[513] (181,618)
[514] (5,11)
[515] (750,1)
[516] (1,750)
[517] (3,5)
[518] (416,696)
[519] (82,270)
[520] (125,459)
[521] (74,581)
[522] (327,643)
[523] (591,196)
[524] (702,526)
[525] (455,368)
[526] (657,466)
[527] (568,396)
[528] (618,545)
[529] (440,212)
[530] (72,497)
[531] (745,541)
[532] (596,318)
[533] (283,258)
[534] (286,615)
[535] (179,476)
[536] (377,295)
[537] (489,283)
[538] (346,509)
[539] (135,669)
[540] (725,556)
[541] (425,88)
[542] (16,335)
[543] (56,332)
[544] (188,658)
[545] (0,750)
[546] (0,0)
[547] (0,1)
[548] (188,93)
[549] (56,419)
[550] (16,416)
[551] (425,663)
[552] (725,195)
[553] (135,82)
[554] (346,242)
[555] (489,468)
[556] (377,456)
[557] (179,275)
[558] (286,136)
[559] (283,493)
[560] (596,433)
[561] (745,210)
[562] (72,254)
[563] (440,539)
[564] (618,206)
[565] (568,355)
[566] (657,285)
[567] (455,383)
[568] (702,225)
[569] (591,555)
[570] (327,108)
[571] (74,170)
[572] (125,292)
[573] (82,481)
[574] (416,55)
[575] (3,746)
[576] (1,1)
[577] (750,750)
[578] (5,740)
[579] (181,133)
[580] (665,153)
[581] (384,276)
[582] (499,156)
[583] (640,190)
[584] (595,322)
[585] (616,400)
[586] (120,604)
[587] (116,92)
[588] (562,89)
[589] (519,38)
[590] (175,192)
[591] (406,397)
[592] (406,354)
[593] (175,559)
[594] (519,713)
[595] (562,662)
[596] (116,659)
[597] (120,147)
[598] (616,351)
[599] (595,429)
[600] (640,561)
[601] (499,595)
[602] (384,475)
[603] (665,598)
[604] (181,618)
[605] (5,11)
[606] (750,1)
[607] (1,750)
[608] (3,5)
[609] (416,696)
[610] (82,270)
[611] (125,459)
[612] (74,581)
[613] (327,643)
[614] (591,196)
[615] (702,526)
[616] (455,368)
[617] (657,466)
[618] (568,396)
[619] (618,545)
[620] (440,212)
[621] (72,497)
[622] (745,541)
[623] (596,318)
[624] (283,258)
[625] (286,615)
[626] (179,476)
[627] (377,295)
[628] (489,283)
[629] (346,509)
[630] (135,669)
[631] (725,556)
[632] (425,88)
[633] (16,335)
[634] (56,332)
[635] (188,658)
[636] (0,750)
[637] (0,0)
[638] (0,1)
[639] (188,93)
[640] (56,419)
[641] (16,416)
[642] (425,663)
[643] (725,195)
[644] (135,82)
[645] (346,242)
[646] (489,468)
[647] (377,456)
[648] (179,275)
[649] (286,136)
[650] (283,493)
[651] (596,433)
[652] (745,210)
[653] (72,254)
[654] (440,539)
[655] (618,206)
[656] (568,355)
[657] (657,285)
[658] (455,383)
[659] (702,225)
[660] (591,555)
[661] (327,108)
[662] (74,170)
[663] (125,292)
[664] (82,481)
[665] (416,55)
[666] (3,746)
[667] (1,1)
[668] (750,750)
[669] (5,740)
[670] (181,133)
[671] (665,153)
[672] (384,276)
[673] (499,156)
[674] (640,190)
[675] (595,322)
[676] (616,400)
[677] (120,604)
[678] (116,92)
[679] (562,89)
[680] (519,38)
[681] (175,192)
[682] (406,397)
[683] (406,354)
[684] (175,559)
[685] (519,713)
[686] (562,662)
[687] (116,659)
[688] (120,147)
[689] (616,351)
[690] (595,429)
[691] (640,561)
[692] (499,595)
[693] (384,475)
[694] (665,598)
[695] (181,618)
[696] (5,11)
[697] (750,1)
[698] (1,750)
[699] (3,5)
[700] (416,696)
[701] (82,270)
[702] (125,459)
[703] (74,581)
[704] (327,643)
[705] (591,196)
[706] (702,526)
[707] (455,368)
[708] (657,466)
[709] (568,396)
[710] (618,545)
[711] (440,212)
[712] (72,497)
[713] (745,541)
[714] (596,318)
[715] (283,258)
[716] (286,615)
[717] (179,476)
[718] (377,295)
[719] (489,283)
[720] (346,509)
[721] (135,669)
[722] (725,556)
[723] (425,88)
[724] (16,335)
[725] (56,332)
[726] (188,658)
[727] (0,750)
[728] (0,0)
[729] (0,1)
[730] (188,93)
[731] (56,419)
[732] (16,416)
[733] (425,663)
[734] (725,195)
[735] (135,82)
[736] (346,242)
[737] (489,468)
[738] (377,456)
[739] (179,275)
[740] (286,136)
[741] (283,493)
[742] (596,433)
[743] (745,210)
[744] (72,254)
[745] (440,539)
[746] (618,206)
[747] (568,355)
[748] (657,285)
[749] (455,383)
[750] (702,225)
[751] (591,555)
